72
1568
0 1 2 3 4 60
1 2 3 4 5 60
2 3 4 5 6 60
3 4 5 6 7 60
8 9 10 11 12 60
9 10 11 12 13 60
10 11 12 13 14 60
11 12 13 14 15 60
16 17 18 19 20 60
17 18 19 20 21 60
18 19 20 21 22 60
19 20 21 22 23 60
36 37 38 39 40 60
37 38 39 40 41 60
38 39 40 41 42 60
39 40 41 42 43 60
44 45 46 47 48 60
45 46 47 48 49 60
46 47 48 49 50 60
47 48 49 50 51 60
52 53 54 55 56 60
53 54 55 56 57 60
54 55 56 57 58 60
55 56 57 58 59 60
0 8 16 24 30 60
1 9 17 25 31 60
2 10 18 26 32 60
5 13 21 27 33 60
6 14 22 28 34 60
7 15 23 29 35 60
8 16 24 30 36 60
9 17 25 31 37 60
10 18 26 32 38 60
13 21 27 33 41 60
14 22 28 34 42 60
15 23 29 35 43 60
16 24 30 36 44 60
17 25 31 37 45 60
18 26 32 38 46 60
21 27 33 41 49 60
22 28 34 42 50 60
23 29 35 43 51 60
24 30 36 44 52 60
25 31 37 45 53 60
26 32 38 46 54 60
27 33 41 49 57 60
28 34 42 50 58 60
29 35 43 51 59 60
0 1 2 9 10 61
1 2 3 10 11 61
2 3 4 11 12 61
3 4 5 12 13 61
4 5 6 13 14 61
5 6 7 14 15 61
8 9 10 17 18 61
9 10 11 18 19 61
10 11 12 19 20 61
11 12 13 20 21 61
12 13 14 21 22 61
13 14 15 22 23 61
16 17 18 25 26 61
20 21 22 27 28 61
21 22 23 28 29 61
24 25 26 31 32 61
27 28 29 34 35 61
30 31 32 37 38 61
33 34 35 42 43 61
36 37 38 45 46 61
37 38 39 46 47 61
38 39 40 47 48 61
39 40 41 48 49 61
40 41 42 49 50 61
41 42 43 50 51 61
44 45 46 53 54 61
45 46 47 54 55 61
46 47 48 55 56 61
47 48 49 56 57 61
48 49 50 57 58 61
49 50 51 58 59 61
0 1 8 9 16 61
1 2 9 10 17 61
2 3 10 11 18 61
3 4 11 12 19 61
4 5 12 13 20 61
5 6 13 14 21 61
6 7 14 15 22 61
8 9 16 17 24 61
9 10 17 18 25 61
10 11 18 19 26 61
13 14 21 22 27 61
14 15 22 23 28 61
16 17 24 25 30 61
17 18 25 26 31 61
21 22 27 28 33 61
22 23 28 29 34 61
24 25 30 31 36 61
25 26 31 32 37 61
27 28 33 34 41 61
28 29 34 35 42 61
30 31 36 37 44 61
31 32 37 38 45 61
33 34 41 42 49 61
34 35 42 43 50 61
36 37 44 45 52 61
37 38 45 46 53 61
38 39 46 47 54 61
39 40 47 48 55 61
40 41 48 49 56 61
41 42 49 50 57 61
42 43 50 51 58 61
0 1 8 9 10 61
1 2 9 10 11 61
2 3 10 11 12 61
3 4 11 12 13 61
4 5 12 13 14 61
5 6 13 14 15 61
8 9 16 17 18 61
9 10 17 18 19 61
10 11 18 19 20 61
11 12 19 20 21 61
12 13 20 21 22 61
13 14 21 22 23 61
16 17 24 25 26 61
21 22 27 28 29 61
24 25 30 31 32 61
27 28 33 34 35 61
30 31 36 37 38 61
31 32 37 38 39 61
33 34 41 42 43 61
36 37 44 45 46 61
37 38 45 46 47 61
38 39 46 47 48 61
39 40 47 48 49 61
40 41 48 49 50 61
41 42 49 50 51 61
44 45 52 53 54 61
45 46 53 54 55 61
46 47 54 55 56 61
47 48 55 56 57 61
48 49 56 57 58 61
49 50 57 58 59 61
1 8 9 16 17 61
2 9 10 17 18 61
3 10 11 18 19 61
4 11 12 19 20 61
5 12 13 20 21 61
6 13 14 21 22 61
7 14 15 22 23 61
9 16 17 24 25 61
10 17 18 25 26 61
14 21 22 27 28 61
15 22 23 28 29 61
17 24 25 30 31 61
18 25 26 31 32 61
22 27 28 33 34 61
23 28 29 34 35 61
25 30 31 36 37 61
26 31 32 37 38 61
28 33 34 41 42 61
29 34 35 42 43 61
31 36 37 44 45 61
32 37 38 45 46 61
33 40 41 48 49 61
34 41 42 49 50 61
35 42 43 50 51 61
37 44 45 52 53 61
38 45 46 53 54 61
39 46 47 54 55 61
40 47 48 55 56 61
41 48 49 56 57 61
42 49 50 57 58 61
43 50 51 58 59 61
0 1 2 8 9 61
1 2 3 9 10 61
2 3 4 10 11 61
3 4 5 11 12 61
4 5 6 12 13 61
5 6 7 13 14 61
8 9 10 16 17 61
9 10 11 17 18 61
10 11 12 18 19 61
11 12 13 19 20 61
12 13 14 20 21 61
13 14 15 21 22 61
16 17 18 24 25 61
17 18 19 25 26 61
21 22 23 27 28 61
24 25 26 30 31 61
27 28 29 33 34 61
30 31 32 36 37 61
33 34 35 41 42 61
36 37 38 44 45 61
37 38 39 45 46 61
38 39 40 46 47 61
39 40 41 47 48 61
40 41 42 48 49 61
41 42 43 49 50 61
44 45 46 52 53 61
45 46 47 53 54 61
46 47 48 54 55 61
47 48 49 55 56 61
48 49 50 56 57 61
49 50 51 57 58 61
0 8 9 16 17 61
1 9 10 17 18 61
2 10 11 18 19 61
3 11 12 19 20 61
4 12 13 20 21 61
5 13 14 21 22 61
6 14 15 22 23 61
8 16 17 24 25 61
9 17 18 25 26 61
13 21 22 27 28 61
14 22 23 28 29 61
16 24 25 30 31 61
17 25 26 31 32 61
21 27 28 33 34 61
22 28 29 34 35 61
24 30 31 36 37 61
25 31 32 37 38 61
27 33 34 41 42 61
28 34 35 42 43 61
30 36 37 44 45 61
31 37 38 45 46 61
32 38 39 46 47 61
33 41 42 49 50 61
34 42 43 50 51 61
36 44 45 52 53 61
37 45 46 53 54 61
38 46 47 54 55 61
39 47 48 55 56 61
40 48 49 56 57 61
41 49 50 57 58 61
42 50 51 58 59 61
1 2 8 9 10 61
2 3 9 10 11 61
3 4 10 11 12 61
4 5 11 12 13 61
5 6 12 13 14 61
6 7 13 14 15 61
9 10 16 17 18 61
10 11 17 18 19 61
11 12 18 19 20 61
12 13 19 20 21 61
13 14 20 21 22 61
14 15 21 22 23 61
17 18 24 25 26 61
22 23 27 28 29 61
25 26 30 31 32 61
28 29 33 34 35 61
31 32 36 37 38 61
33 34 40 41 42 61
34 35 41 42 43 61
37 38 44 45 46 61
38 39 45 46 47 61
39 40 46 47 48 61
40 41 47 48 49 61
41 42 48 49 50 61
42 43 49 50 51 61
45 46 52 53 54 61
46 47 53 54 55 61
47 48 54 55 56 61
48 49 55 56 57 61
49 50 56 57 58 61
50 51 57 58 59 61
0 1 8 9 17 61
1 2 9 10 18 61
2 3 10 11 19 61
3 4 11 12 20 61
4 5 12 13 21 61
5 6 13 14 22 61
6 7 14 15 23 61
8 9 16 17 25 61
9 10 17 18 26 61
12 13 20 21 27 61
13 14 21 22 28 61
14 15 22 23 29 61
16 17 24 25 31 61
17 18 25 26 32 61
21 22 27 28 34 61
22 23 28 29 35 61
24 25 30 31 37 61
25 26 31 32 38 61
27 28 33 34 42 61
28 29 34 35 43 61
30 31 36 37 45 61
31 32 37 38 46 61
33 34 41 42 50 61
34 35 42 43 51 61
36 37 44 45 53 61
37 38 45 46 54 61
38 39 46 47 55 61
39 40 47 48 56 61
40 41 48 49 57 61
41 42 49 50 58 61
42 43 50 51 59 61
0 1 2 3 11 62
1 2 3 4 12 62
2 3 4 5 13 62
3 4 5 6 14 62
4 5 6 7 15 62
8 9 10 11 19 62
9 10 11 12 20 62
10 11 12 13 21 62
11 12 13 14 22 62
12 13 14 15 23 62
18 19 20 21 27 62
19 20 21 22 28 62
20 21 22 23 29 62
36 37 38 39 47 62
37 38 39 40 48 62
38 39 40 41 49 62
39 40 41 42 50 62
40 41 42 43 51 62
44 45 46 47 55 62
45 46 47 48 56 62
46 47 48 49 57 62
47 48 49 50 58 62
48 49 50 51 59 62
0 1 8 16 24 62
1 2 9 17 25 62
2 3 10 18 26 62
5 6 13 21 27 62
6 7 14 22 28 62
8 9 16 24 30 62
9 10 17 25 31 62
10 11 18 26 32 62
13 14 21 27 33 62
14 15 22 28 34 62
16 17 24 30 36 62
17 18 25 31 37 62
18 19 26 32 38 62
21 22 27 33 41 62
22 23 28 34 42 62
24 25 30 36 44 62
25 26 31 37 45 62
27 28 33 41 49 62
28 29 34 42 50 62
30 31 36 44 52 62
31 32 37 45 53 62
33 34 41 49 57 62
34 35 42 50 58 62
0 8 9 10 11 62
1 9 10 11 12 62
2 10 11 12 13 62
3 11 12 13 14 62
4 12 13 14 15 62
8 16 17 18 19 62
9 17 18 19 20 62
10 18 19 20 21 62
11 19 20 21 22 62
12 20 21 22 23 62
30 36 37 38 39 62
31 37 38 39 40 62
32 38 39 40 41 62
36 44 45 46 47 62
37 45 46 47 48 62
38 46 47 48 49 62
39 47 48 49 50 62
40 48 49 50 51 62
44 52 53 54 55 62
45 53 54 55 56 62
46 54 55 56 57 62
47 55 56 57 58 62
48 56 57 58 59 62
1 9 17 24 25 62
2 10 18 25 26 62
6 14 22 27 28 62
7 15 23 28 29 62
9 17 25 30 31 62
10 18 26 31 32 62
14 22 28 33 34 62
15 23 29 34 35 62
17 25 31 36 37 62
18 26 32 37 38 62
21 27 33 40 41 62
22 28 34 41 42 62
23 29 35 42 43 62
25 31 37 44 45 62
26 32 38 45 46 62
27 33 41 48 49 62
28 34 42 49 50 62
29 35 43 50 51 62
31 37 45 52 53 62
32 38 46 53 54 62
33 41 49 56 57 62
34 42 50 57 58 62
35 43 51 58 59 62
0 1 2 3 8 62
1 2 3 4 9 62
2 3 4 5 10 62
3 4 5 6 11 62
4 5 6 7 12 62
8 9 10 11 16 62
9 10 11 12 17 62
10 11 12 13 18 62
11 12 13 14 19 62
12 13 14 15 20 62
16 17 18 19 24 62
17 18 19 20 25 62
18 19 20 21 26 62
36 37 38 39 44 62
37 38 39 40 45 62
38 39 40 41 46 62
39 40 41 42 47 62
40 41 42 43 48 62
44 45 46 47 52 62
45 46 47 48 53 62
46 47 48 49 54 62
47 48 49 50 55 62
48 49 50 51 56 62
0 8 16 24 25 62
1 9 17 25 26 62
5 13 21 27 28 62
6 14 22 28 29 62
8 16 24 30 31 62
9 17 25 31 32 62
13 21 27 33 34 62
14 22 28 34 35 62
16 24 30 36 37 62
17 25 31 37 38 62
18 26 32 38 39 62
21 27 33 41 42 62
22 28 34 42 43 62
24 30 36 44 45 62
25 31 37 45 46 62
26 32 38 46 47 62
27 33 41 49 50 62
28 34 42 50 51 62
30 36 44 52 53 62
31 37 45 53 54 62
32 38 46 54 55 62
33 41 49 57 58 62
34 42 50 58 59 62
3 8 9 10 11 62
4 9 10 11 12 62
5 10 11 12 13 62
6 11 12 13 14 62
7 12 13 14 15 62
11 16 17 18 19 62
12 17 18 19 20 62
13 18 19 20 21 62
14 19 20 21 22 62
15 20 21 22 23 62
33 38 39 40 41 62
34 39 40 41 42 62
35 40 41 42 43 62
39 44 45 46 47 62
40 45 46 47 48 62
41 46 47 48 49 62
42 47 48 49 50 62
43 48 49 50 51 62
47 52 53 54 55 62
48 53 54 55 56 62
49 54 55 56 57 62
50 55 56 57 58 62
51 56 57 58 59 62
0 1 9 17 25 62
1 2 10 18 26 62
4 5 13 21 27 62
5 6 14 22 28 62
6 7 15 23 29 62
8 9 17 25 31 62
9 10 18 26 32 62
12 13 21 27 33 62
13 14 22 28 34 62
14 15 23 29 35 62
16 17 25 31 37 62
17 18 26 32 38 62
20 21 27 33 41 62
21 22 28 34 42 62
22 23 29 35 43 62
24 25 31 37 45 62
25 26 32 38 46 62
27 28 34 42 50 62
28 29 35 43 51 62
30 31 37 45 53 62
31 32 38 46 54 62
33 34 42 50 58 62
34 35 43 51 59 62
1 2 8 9 17 63
2 3 9 10 18 63
3 4 10 11 19 63
4 5 11 12 20 63
5 6 12 13 21 63
6 7 13 14 22 63
9 10 16 17 25 63
10 11 17 18 26 63
13 14 20 21 27 63
14 15 21 22 28 63
17 18 24 25 31 63
18 19 25 26 32 63
22 23 27 28 34 63
25 26 30 31 37 63
28 29 33 34 42 63
31 32 36 37 45 63
33 34 40 41 49 63
34 35 41 42 50 63
37 38 44 45 53 63
38 39 45 46 54 63
39 40 46 47 55 63
40 41 47 48 56 63
41 42 48 49 57 63
42 43 49 50 58 63
0 8 9 10 17 63
1 9 10 11 18 63
2 10 11 12 19 63
3 11 12 13 20 63
4 12 13 14 21 63
5 13 14 15 22 63
8 16 17 18 25 63
9 17 18 19 26 63
12 20 21 22 27 63
13 21 22 23 28 63
16 24 25 26 31 63
21 27 28 29 34 63
24 30 31 32 37 63
27 33 34 35 42 63
30 36 37 38 45 63
31 37 38 39 46 63
32 38 39 40 47 63
33 41 42 43 50 63
36 44 45 46 53 63
37 45 46 47 54 63
38 46 47 48 55 63
39 47 48 49 56 63
40 48 49 50 57 63
41 49 50 51 58 63
1 9 10 16 17 63
2 10 11 17 18 63
3 11 12 18 19 63
4 12 13 19 20 63
5 13 14 20 21 63
6 14 15 21 22 63
9 17 18 24 25 63
10 18 19 25 26 63
14 22 23 27 28 63
17 25 26 30 31 63
22 28 29 33 34 63
25 31 32 36 37 63
27 33 34 40 41 63
28 34 35 41 42 63
31 37 38 44 45 63
32 38 39 45 46 63
33 41 42 48 49 63
34 42 43 49 50 63
37 45 46 52 53 63
38 46 47 53 54 63
39 47 48 54 55 63
40 48 49 55 56 63
41 49 50 56 57 63
42 50 51 57 58 63
1 8 9 10 18 63
2 9 10 11 19 63
3 10 11 12 20 63
4 11 12 13 21 63
5 12 13 14 22 63
6 13 14 15 23 63
9 16 17 18 26 63
12 19 20 21 27 63
13 20 21 22 28 63
14 21 22 23 29 63
17 24 25 26 32 63
22 27 28 29 35 63
25 30 31 32 38 63
28 33 34 35 43 63
31 36 37 38 46 63
32 37 38 39 47 63
33 40 41 42 50 63
34 41 42 43 51 63
37 44 45 46 54 63
38 45 46 47 55 63
39 46 47 48 56 63
40 47 48 49 57 63
41 48 49 50 58 63
42 49 50 51 59 63
0 1 9 10 17 63
1 2 10 11 18 63
2 3 11 12 19 63
3 4 12 13 20 63
4 5 13 14 21 63
5 6 14 15 22 63
8 9 17 18 25 63
9 10 18 19 26 63
12 13 21 22 27 63
13 14 22 23 28 63
16 17 25 26 31 63
20 21 27 28 33 63
21 22 28 29 34 63
24 25 31 32 37 63
27 28 34 35 42 63
30 31 37 38 45 63
31 32 38 39 46 63
33 34 42 43 50 63
36 37 45 46 53 63
37 38 46 47 54 63
38 39 47 48 55 63
39 40 48 49 56 63
40 41 49 50 57 63
41 42 50 51 58 63
1 8 9 10 16 63
2 9 10 11 17 63
3 10 11 12 18 63
4 11 12 13 19 63
5 12 13 14 20 63
6 13 14 15 21 63
9 16 17 18 24 63
10 17 18 19 25 63
11 18 19 20 26 63
14 21 22 23 27 63
17 24 25 26 30 63
22 27 28 29 33 63
25 30 31 32 36 63
28 33 34 35 41 63
31 36 37 38 44 63
32 37 38 39 45 63
33 40 41 42 48 63
34 41 42 43 49 63
37 44 45 46 52 63
38 45 46 47 53 63
39 46 47 48 54 63
40 47 48 49 55 63
41 48 49 50 56 63
42 49 50 51 57 63
1 8 9 17 18 63
2 9 10 18 19 63
3 10 11 19 20 63
4 11 12 20 21 63
5 12 13 21 22 63
6 13 14 22 23 63
9 16 17 25 26 63
13 20 21 27 28 63
14 21 22 28 29 63
17 24 25 31 32 63
22 27 28 34 35 63
25 30 31 37 38 63
26 31 32 38 39 63
28 33 34 42 43 63
31 36 37 45 46 63
32 37 38 46 47 63
33 40 41 49 50 63
34 41 42 50 51 63
37 44 45 53 54 63
38 45 46 54 55 63
39 46 47 55 56 63
40 47 48 56 57 63
41 48 49 57 58 63
42 49 50 58 59 63
2 8 9 10 17 63
3 9 10 11 18 63
4 10 11 12 19 63
5 11 12 13 20 63
6 12 13 14 21 63
7 13 14 15 22 63
10 16 17 18 25 63
11 17 18 19 26 63
14 20 21 22 27 63
15 21 22 23 28 63
18 24 25 26 31 63
23 27 28 29 34 63
26 30 31 32 37 63
29 33 34 35 42 63
32 36 37 38 45 63
33 39 40 41 48 63
34 40 41 42 49 63
35 41 42 43 50 63
38 44 45 46 53 63
39 45 46 47 54 63
40 46 47 48 55 63
41 47 48 49 56 63
42 48 49 50 57 63
43 49 50 51 58 63
0 1 2 10 11 64
1 2 3 11 12 64
2 3 4 12 13 64
3 4 5 13 14 64
4 5 6 14 15 64
8 9 10 18 19 64
9 10 11 19 20 64
10 11 12 20 21 64
11 12 13 21 22 64
12 13 14 22 23 64
19 20 21 27 28 64
20 21 22 28 29 64
30 31 32 38 39 64
36 37 38 46 47 64
37 38 39 47 48 64
38 39 40 48 49 64
39 40 41 49 50 64
40 41 42 50 51 64
44 45 46 54 55 64
45 46 47 55 56 64
46 47 48 56 57 64
47 48 49 57 58 64
48 49 50 58 59 64
1 8 9 16 24 64
2 9 10 17 25 64
3 10 11 18 26 64
6 13 14 21 27 64
7 14 15 22 28 64
9 16 17 24 30 64
10 17 18 25 31 64
11 18 19 26 32 64
14 21 22 27 33 64
15 22 23 28 34 64
17 24 25 30 36 64
18 25 26 31 37 64
22 27 28 33 41 64
23 28 29 34 42 64
25 30 31 36 44 64
26 31 32 37 45 64
28 33 34 41 49 64
29 34 35 42 50 64
31 36 37 44 52 64
32 37 38 45 53 64
33 40 41 48 56 64
34 41 42 49 57 64
35 42 43 50 58 64
0 1 9 10 11 64
1 2 10 11 12 64
2 3 11 12 13 64
3 4 12 13 14 64
4 5 13 14 15 64
8 9 17 18 19 64
9 10 18 19 20 64
10 11 19 20 21 64
11 12 20 21 22 64
12 13 21 22 23 64
20 21 27 28 29 64
30 31 37 38 39 64
31 32 38 39 40 64
36 37 45 46 47 64
37 38 46 47 48 64
38 39 47 48 49 64
39 40 48 49 50 64
40 41 49 50 51 64
44 45 53 54 55 64
45 46 54 55 56 64
46 47 55 56 57 64
47 48 56 57 58 64
48 49 57 58 59 64
1 9 16 17 24 64
2 10 17 18 25 64
3 11 18 19 26 64
6 14 21 22 27 64
7 15 22 23 28 64
9 17 24 25 30 64
10 18 25 26 31 64
14 22 27 28 33 64
15 23 28 29 34 64
17 25 30 31 36 64
18 26 31 32 37 64
22 28 33 34 41 64
23 29 34 35 42 64
25 31 36 37 44 64
26 32 37 38 45 64
27 33 40 41 48 64
28 34 41 42 49 64
29 35 42 43 50 64
31 37 44 45 52 64
32 38 45 46 53 64
33 41 48 49 56 64
34 42 49 50 57 64
35 43 50 51 58 64
1 2 3 8 9 64
2 3 4 9 10 64
3 4 5 10 11 64
4 5 6 11 12 64
5 6 7 12 13 64
9 10 11 16 17 64
10 11 12 17 18 64
11 12 13 18 19 64
12 13 14 19 20 64
13 14 15 20 21 64
17 18 19 24 25 64
18 19 20 25 26 64
33 34 35 40 41 64
37 38 39 44 45 64
38 39 40 45 46 64
39 40 41 46 47 64
40 41 42 47 48 64
41 42 43 48 49 64
45 46 47 52 53 64
46 47 48 53 54 64
47 48 49 54 55 64
48 49 50 55 56 64
49 50 51 56 57 64
0 8 16 17 25 64
1 9 17 18 26 64
4 12 20 21 27 64
5 13 21 22 28 64
6 14 22 23 29 64
8 16 24 25 31 64
9 17 25 26 32 64
13 21 27 28 34 64
14 22 28 29 35 64
16 24 30 31 37 64
17 25 31 32 38 64
21 27 33 34 42 64
22 28 34 35 43 64
24 30 36 37 45 64
25 31 37 38 46 64
26 32 38 39 47 64
27 33 41 42 50 64
28 34 42 43 51 64
30 36 44 45 53 64
31 37 45 46 54 64
32 38 46 47 55 64
33 41 49 50 58 64
34 42 50 51 59 64
2 3 8 9 10 64
3 4 9 10 11 64
4 5 10 11 12 64
5 6 11 12 13 64
6 7 12 13 14 64
10 11 16 17 18 64
11 12 17 18 19 64
12 13 18 19 20 64
13 14 19 20 21 64
14 15 20 21 22 64
18 19 24 25 26 64
33 34 39 40 41 64
34 35 40 41 42 64
38 39 44 45 46 64
39 40 45 46 47 64
40 41 46 47 48 64
41 42 47 48 49 64
42 43 48 49 50 64
46 47 52 53 54 64
47 48 53 54 55 64
48 49 54 55 56 64
49 50 55 56 57 64
50 51 56 57 58 64
0 8 9 17 25 64
1 9 10 18 26 64
4 12 13 21 27 64
5 13 14 22 28 64
6 14 15 23 29 64
8 16 17 25 31 64
9 17 18 26 32 64
12 20 21 27 33 64
13 21 22 28 34 64
14 22 23 29 35 64
16 24 25 31 37 64
17 25 26 32 38 64
21 27 28 34 42 64
22 28 29 35 43 64
24 30 31 37 45 64
25 31 32 38 46 64
27 33 34 42 50 64
28 34 35 43 51 64
30 36 37 45 53 64
31 37 38 46 54 64
32 38 39 47 55 64
33 41 42 50 58 64
34 42 43 51 59 64
0 1 2 9 17 65
1 2 3 10 18 65
2 3 4 11 19 65
3 4 5 12 20 65
4 5 6 13 21 65
5 6 7 14 22 65
8 9 10 17 25 65
9 10 11 18 26 65
12 13 14 21 27 65
13 14 15 22 28 65
16 17 18 25 31 65
17 18 19 26 32 65
20 21 22 27 33 65
21 22 23 28 34 65
24 25 26 31 37 65
27 28 29 34 42 65
30 31 32 37 45 65
33 34 35 42 50 65
36 37 38 45 53 65
37 38 39 46 54 65
38 39 40 47 55 65
39 40 41 48 56 65
40 41 42 49 57 65
41 42 43 50 58 65
0 8 9 10 16 65
1 9 10 11 17 65
2 10 11 12 18 65
3 11 12 13 19 65
4 12 13 14 20 65
5 13 14 15 21 65
8 16 17 18 24 65
9 17 18 19 25 65
10 18 19 20 26 65
13 21 22 23 27 65
16 24 25 26 30 65
21 27 28 29 33 65
24 30 31 32 36 65
27 33 34 35 41 65
30 36 37 38 44 65
31 37 38 39 45 65
32 38 39 40 46 65
33 41 42 43 49 65
36 44 45 46 52 65
37 45 46 47 53 65
38 46 47 48 54 65
39 47 48 49 55 65
40 48 49 50 56 65
41 49 50 51 57 65
1 9 16 17 18 65
2 10 17 18 19 65
3 11 18 19 20 65
4 12 19 20 21 65
5 13 20 21 22 65
6 14 21 22 23 65
9 17 24 25 26 65
14 22 27 28 29 65
17 25 30 31 32 65
22 28 33 34 35 65
25 31 36 37 38 65
26 32 37 38 39 65
27 33 40 41 42 65
28 34 41 42 43 65
31 37 44 45 46 65
32 38 45 46 47 65
33 41 48 49 50 65
34 42 49 50 51 65
37 45 52 53 54 65
38 46 53 54 55 65
39 47 54 55 56 65
40 48 55 56 57 65
41 49 56 57 58 65
42 50 57 58 59 65
2 8 9 10 18 65
3 9 10 11 19 65
4 10 11 12 20 65
5 11 12 13 21 65
6 12 13 14 22 65
7 13 14 15 23 65
10 16 17 18 26 65
13 19 20 21 27 65
14 20 21 22 28 65
15 21 22 23 29 65
18 24 25 26 32 65
23 27 28 29 35 65
26 30 31 32 38 65
29 33 34 35 43 65
32 36 37 38 46 65
33 39 40 41 49 65
34 40 41 42 50 65
35 41 42 43 51 65
38 44 45 46 54 65
39 45 46 47 55 65
40 46 47 48 56 65
41 47 48 49 57 65
42 48 49 50 58 65
43 49 50 51 59 65
0 2 8 9 10 66
1 3 9 10 11 66
2 4 10 11 12 66
3 5 11 12 13 66
4 6 12 13 14 66
5 7 13 14 15 66
8 10 16 17 18 66
9 11 17 18 19 66
10 12 18 19 20 66
11 13 19 20 21 66
12 14 20 21 22 66
13 15 21 22 23 66
16 18 24 25 26 66
21 23 27 28 29 66
24 26 30 31 32 66
27 29 33 34 35 66
30 32 36 37 38 66
33 35 41 42 43 66
36 38 44 45 46 66
37 39 45 46 47 66
38 40 46 47 48 66
39 41 47 48 49 66
40 42 48 49 50 66
41 43 49 50 51 66
44 46 52 53 54 66
45 47 53 54 55 66
46 48 54 55 56 66
47 49 55 56 57 66
48 50 56 57 58 66
49 51 57 58 59 66
0 1 9 16 17 66
1 2 10 17 18 66
2 3 11 18 19 66
3 4 12 19 20 66
4 5 13 20 21 66
5 6 14 21 22 66
6 7 15 22 23 66
8 9 17 24 25 66
9 10 18 25 26 66
13 14 22 27 28 66
14 15 23 28 29 66
16 17 25 30 31 66
17 18 26 31 32 66
21 22 28 33 34 66
22 23 29 34 35 66
24 25 31 36 37 66
25 26 32 37 38 66
27 28 34 41 42 66
28 29 35 42 43 66
30 31 37 44 45 66
31 32 38 45 46 66
33 34 42 49 50 66
34 35 43 50 51 66
36 37 45 52 53 66
37 38 46 53 54 66
38 39 47 54 55 66
39 40 48 55 56 66
40 41 49 56 57 66
41 42 50 57 58 66
42 43 51 58 59 66
0 1 2 8 10 66
1 2 3 9 11 66
2 3 4 10 12 66
3 4 5 11 13 66
4 5 6 12 14 66
5 6 7 13 15 66
8 9 10 16 18 66
9 10 11 17 19 66
10 11 12 18 20 66
11 12 13 19 21 66
12 13 14 20 22 66
13 14 15 21 23 66
16 17 18 24 26 66
21 22 23 27 29 66
24 25 26 30 32 66
27 28 29 33 35 66
30 31 32 36 38 66
33 34 35 41 43 66
36 37 38 44 46 66
37 38 39 45 47 66
38 39 40 46 48 66
39 40 41 47 49 66
40 41 42 48 50 66
41 42 43 49 51 66
44 45 46 52 54 66
45 46 47 53 55 66
46 47 48 54 56 66
47 48 49 55 57 66
48 49 50 56 58 66
49 50 51 57 59 66
0 1 8 16 17 66
1 2 9 17 18 66
2 3 10 18 19 66
3 4 11 19 20 66
4 5 12 20 21 66
5 6 13 21 22 66
6 7 14 22 23 66
8 9 16 24 25 66
9 10 17 25 26 66
13 14 21 27 28 66
14 15 22 28 29 66
16 17 24 30 31 66
17 18 25 31 32 66
21 22 27 33 34 66
22 23 28 34 35 66
24 25 30 36 37 66
25 26 31 37 38 66
27 28 33 41 42 66
28 29 34 42 43 66
30 31 36 44 45 66
31 32 37 45 46 66
33 34 41 49 50 66
34 35 42 50 51 66
36 37 44 52 53 66
37 38 45 53 54 66
38 39 46 54 55 66
39 40 47 55 56 66
40 41 48 56 57 66
41 42 49 57 58 66
42 43 50 58 59 66
0 8 16 17 18 67
1 9 17 18 19 67
2 10 18 19 20 67
3 11 19 20 21 67
4 12 20 21 22 67
5 13 21 22 23 67
8 16 24 25 26 67
13 21 27 28 29 67
16 24 30 31 32 67
21 27 33 34 35 67
24 30 36 37 38 67
25 31 37 38 39 67
26 32 38 39 40 67
27 33 41 42 43 67
30 36 44 45 46 67
31 37 45 46 47 67
32 38 46 47 48 67
33 41 49 50 51 67
36 44 52 53 54 67
37 45 53 54 55 67
38 46 54 55 56 67
39 47 55 56 57 67
40 48 56 57 58 67
41 49 57 58 59 67
2 10 16 17 18 67
3 11 17 18 19 67
4 12 18 19 20 67
5 13 19 20 21 67
6 14 20 21 22 67
7 15 21 22 23 67
10 18 24 25 26 67
15 23 27 28 29 67
18 26 30 31 32 67
23 29 33 34 35 67
26 32 36 37 38 67
27 33 39 40 41 67
28 34 40 41 42 67
29 35 41 42 43 67
32 38 44 45 46 67
33 41 47 48 49 67
34 42 48 49 50 67
35 43 49 50 51 67
38 46 52 53 54 67
39 47 53 54 55 67
40 48 54 55 56 67
41 49 55 56 57 67
42 50 56 57 58 67
43 51 57 58 59 67
0 1 2 10 18 67
1 2 3 11 19 67
2 3 4 12 20 67
3 4 5 13 21 67
4 5 6 14 22 67
5 6 7 15 23 67
8 9 10 18 26 67
11 12 13 21 27 67
12 13 14 22 28 67
13 14 15 23 29 67
16 17 18 26 32 67
19 20 21 27 33 67
20 21 22 28 34 67
21 22 23 29 35 67
24 25 26 32 38 67
27 28 29 35 43 67
30 31 32 38 46 67
33 34 35 43 51 67
36 37 38 46 54 67
37 38 39 47 55 67
38 39 40 48 56 67
39 40 41 49 57 67
40 41 42 50 58 67
41 42 43 51 59 67
0 1 2 8 16 67
1 2 3 9 17 67
2 3 4 10 18 67
3 4 5 11 19 67
4 5 6 12 20 67
5 6 7 13 21 67
8 9 10 16 24 67
9 10 11 17 25 67
10 11 12 18 26 67
13 14 15 21 27 67
16 17 18 24 30 67
17 18 19 25 31 67
18 19 20 26 32 67
21 22 23 27 33 67
24 25 26 30 36 67
27 28 29 33 41 67
30 31 32 36 44 67
33 34 35 41 49 67
36 37 38 44 52 67
37 38 39 45 53 67
38 39 40 46 54 67
39 40 41 47 55 67
40 41 42 48 56 67
41 42 43 49 57 67
2 9 10 16 17 68
3 10 11 17 18 68
4 11 12 18 19 68
5 12 13 19 20 68
6 13 14 20 21 68
7 14 15 21 22 68
10 17 18 24 25 68
11 18 19 25 26 68
15 22 23 27 28 68
18 25 26 30 31 68
23 28 29 33 34 68
26 31 32 36 37 68
28 33 34 40 41 68
29 34 35 41 42 68
32 37 38 44 45 68
33 40 41 47 48 68
34 41 42 48 49 68
35 42 43 49 50 68
38 45 46 52 53 68
39 46 47 53 54 68
40 47 48 54 55 68
41 48 49 55 56 68
42 49 50 56 57 68
43 50 51 57 58 68
0 1 9 10 18 68
1 2 10 11 19 68
2 3 11 12 20 68
3 4 12 13 21 68
4 5 13 14 22 68
5 6 14 15 23 68
8 9 17 18 26 68
11 12 20 21 27 68
12 13 21 22 28 68
13 14 22 23 29 68
16 17 25 26 32 68
20 21 27 28 34 68
21 22 28 29 35 68
24 25 31 32 38 68
27 28 34 35 43 68
30 31 37 38 46 68
31 32 38 39 47 68
33 34 42 43 51 68
36 37 45 46 54 68
37 38 46 47 55 68
38 39 47 48 56 68
39 40 48 49 57 68
40 41 49 50 58 68
41 42 50 51 59 68
1 2 8 9 16 68
2 3 9 10 17 68
3 4 10 11 18 68
4 5 11 12 19 68
5 6 12 13 20 68
6 7 13 14 21 68
9 10 16 17 24 68
10 11 17 18 25 68
11 12 18 19 26 68
14 15 21 22 27 68
17 18 24 25 30 68
18 19 25 26 31 68
22 23 27 28 33 68
25 26 30 31 36 68
28 29 33 34 41 68
31 32 36 37 44 68
33 34 40 41 48 68
34 35 41 42 49 68
37 38 44 45 52 68
38 39 45 46 53 68
39 40 46 47 54 68
40 41 47 48 55 68
41 42 48 49 56 68
42 43 49 50 57 68
0 8 9 17 18 68
1 9 10 18 19 68
2 10 11 19 20 68
3 11 12 20 21 68
4 12 13 21 22 68
5 13 14 22 23 68
8 16 17 25 26 68
12 20 21 27 28 68
13 21 22 28 29 68
16 24 25 31 32 68
21 27 28 34 35 68
24 30 31 37 38 68
25 31 32 38 39 68
27 33 34 42 43 68
30 36 37 45 46 68
31 37 38 46 47 68
32 38 39 47 48 68
33 41 42 50 51 68
36 44 45 53 54 68
37 45 46 54 55 68
38 46 47 55 56 68
39 47 48 56 57 68
40 48 49 57 58 68
41 49 50 58 59 68
1 8 9 10 17 69
2 9 10 11 18 69
3 10 11 12 19 69
4 11 12 13 20 69
5 12 13 14 21 69
6 13 14 15 22 69
9 16 17 18 25 69
10 17 18 19 26 69
13 20 21 22 27 69
14 21 22 23 28 69
17 24 25 26 31 69
22 27 28 29 34 69
25 30 31 32 37 69
28 33 34 35 42 69
31 36 37 38 45 69
32 37 38 39 46 69
33 40 41 42 49 69
34 41 42 43 50 69
37 44 45 46 53 69
38 45 46 47 54 69
39 46 47 48 55 69
40 47 48 49 56 69
41 48 49 50 57 69
42 49 50 51 58 69
0 1 2 3 9 70
1 2 3 4 10 70
2 3 4 5 11 70
3 4 5 6 12 70
4 5 6 7 13 70
8 9 10 11 17 70
9 10 11 12 18 70
10 11 12 13 19 70
11 12 13 14 20 70
12 13 14 15 21 70
16 17 18 19 25 70
17 18 19 20 26 70
20 21 22 23 27 70
36 37 38 39 45 70
37 38 39 40 46 70
38 39 40 41 47 70
39 40 41 42 48 70
40 41 42 43 49 70
44 45 46 47 53 70
45 46 47 48 54 70
46 47 48 49 55 70
47 48 49 50 56 70
48 49 50 51 57 70
0 8 16 17 24 70
1 9 17 18 25 70
2 10 18 19 26 70
5 13 21 22 27 70
6 14 22 23 28 70
8 16 24 25 30 70
9 17 25 26 31 70
13 21 27 28 33 70
14 22 28 29 34 70
16 24 30 31 36 70
17 25 31 32 37 70
21 27 33 34 41 70
22 28 34 35 42 70
24 30 36 37 44 70
25 31 37 38 45 70
26 32 38 39 46 70
27 33 41 42 49 70
28 34 42 43 50 70
30 36 44 45 52 70
31 37 45 46 53 70
32 38 46 47 54 70
33 41 49 50 57 70
34 42 50 51 58 70
2 8 9 10 11 70
3 9 10 11 12 70
4 10 11 12 13 70
5 11 12 13 14 70
6 12 13 14 15 70
10 16 17 18 19 70
11 17 18 19 20 70
12 18 19 20 21 70
13 19 20 21 22 70
14 20 21 22 23 70
32 36 37 38 39 70
33 39 40 41 42 70
34 40 41 42 43 70
38 44 45 46 47 70
39 45 46 47 48 70
40 46 47 48 49 70
41 47 48 49 50 70
42 48 49 50 51 70
46 52 53 54 55 70
47 53 54 55 56 70
48 54 55 56 57 70
49 55 56 57 58 70
50 56 57 58 59 70
1 8 9 17 25 70
2 9 10 18 26 70
5 12 13 21 27 70
6 13 14 22 28 70
7 14 15 23 29 70
9 16 17 25 31 70
10 17 18 26 32 70
13 20 21 27 33 70
14 21 22 28 34 70
15 22 23 29 35 70
17 24 25 31 37 70
18 25 26 32 38 70
22 27 28 34 42 70
23 28 29 35 43 70
25 30 31 37 45 70
26 31 32 38 46 70
28 33 34 42 50 70
29 34 35 43 51 70
31 36 37 45 53 70
32 37 38 46 54 70
33 40 41 49 57 70
34 41 42 50 58 70
35 42 43 51 59 70
0 1 2 3 10 70
1 2 3 4 11 70
2 3 4 5 12 70
3 4 5 6 13 70
4 5 6 7 14 70
8 9 10 11 18 70
9 10 11 12 19 70
10 11 12 13 20 70
11 12 13 14 21 70
12 13 14 15 22 70
16 17 18 19 26 70
19 20 21 22 27 70
20 21 22 23 28 70
36 37 38 39 46 70
37 38 39 40 47 70
38 39 40 41 48 70
39 40 41 42 49 70
40 41 42 43 50 70
44 45 46 47 54 70
45 46 47 48 55 70
46 47 48 49 56 70
47 48 49 50 57 70
48 49 50 51 58 70
0 8 9 16 24 70
1 9 10 17 25 70
2 10 11 18 26 70
5 13 14 21 27 70
6 14 15 22 28 70
8 16 17 24 30 70
9 17 18 25 31 70
10 18 19 26 32 70
13 21 22 27 33 70
14 22 23 28 34 70
16 24 25 30 36 70
17 25 26 31 37 70
21 27 28 33 41 70
22 28 29 34 42 70
24 30 31 36 44 70
25 31 32 37 45 70
27 33 34 41 49 70
28 34 35 42 50 70
30 36 37 44 52 70
31 37 38 45 53 70
32 38 39 46 54 70
33 41 42 49 57 70
34 42 43 50 58 70
1 8 9 10 11 70
2 9 10 11 12 70
3 10 11 12 13 70
4 11 12 13 14 70
5 12 13 14 15 70
9 16 17 18 19 70
10 17 18 19 20 70
11 18 19 20 21 70
12 19 20 21 22 70
13 20 21 22 23 70
31 36 37 38 39 70
32 37 38 39 40 70
33 40 41 42 43 70
37 44 45 46 47 70
38 45 46 47 48 70
39 46 47 48 49 70
40 47 48 49 50 70
41 48 49 50 51 70
45 52 53 54 55 70
46 53 54 55 56 70
47 54 55 56 57 70
48 55 56 57 58 70
49 56 57 58 59 70
1 9 16 17 25 70
2 10 17 18 26 70
5 13 20 21 27 70
6 14 21 22 28 70
7 15 22 23 29 70
9 17 24 25 31 70
10 18 25 26 32 70
14 22 27 28 34 70
15 23 28 29 35 70
17 25 30 31 37 70
18 26 31 32 38 70
22 28 33 34 42 70
23 29 34 35 43 70
25 31 36 37 45 70
26 32 37 38 46 70
27 33 40 41 49 70
28 34 41 42 50 70
29 35 42 43 51 70
31 37 44 45 53 70
32 38 45 46 54 70
33 41 48 49 57 70
34 42 49 50 58 70
35 43 50 51 59 70
0 1 9 17 18 71
1 2 10 18 19 71
2 3 11 19 20 71
3 4 12 20 21 71
4 5 13 21 22 71
5 6 14 22 23 71
8 9 17 25 26 71
12 13 21 27 28 71
13 14 22 28 29 71
16 17 25 31 32 71
20 21 27 33 34 71
21 22 28 34 35 71
24 25 31 37 38 71
25 26 32 38 39 71
27 28 34 42 43 71
30 31 37 45 46 71
31 32 38 46 47 71
33 34 42 50 51 71
36 37 45 53 54 71
37 38 46 54 55 71
38 39 47 55 56 71
39 40 48 56 57 71
40 41 49 57 58 71
41 42 50 58 59 71
2 8 9 10 16 71
3 9 10 11 17 71
4 10 11 12 18 71
5 11 12 13 19 71
6 12 13 14 20 71
7 13 14 15 21 71
10 16 17 18 24 71
11 17 18 19 25 71
12 18 19 20 26 71
15 21 22 23 27 71
18 24 25 26 30 71
23 27 28 29 33 71
26 30 31 32 36 71
29 33 34 35 41 71
32 36 37 38 44 71
33 39 40 41 47 71
34 40 41 42 48 71
35 41 42 43 49 71
38 44 45 46 52 71
39 45 46 47 53 71
40 46 47 48 54 71
41 47 48 49 55 71
42 48 49 50 56 71
43 49 50 51 57 71
1 2 9 16 17 71
2 3 10 17 18 71
3 4 11 18 19 71
4 5 12 19 20 71
5 6 13 20 21 71
6 7 14 21 22 71
9 10 17 24 25 71
10 11 18 25 26 71
14 15 22 27 28 71
17 18 25 30 31 71
18 19 26 31 32 71
22 23 28 33 34 71
25 26 31 36 37 71
27 28 33 40 41 71
28 29 34 41 42 71
31 32 37 44 45 71
33 34 41 48 49 71
34 35 42 49 50 71
37 38 45 52 53 71
38 39 46 53 54 71
39 40 47 54 55 71
40 41 48 55 56 71
41 42 49 56 57 71
42 43 50 57 58 71
0 8 9 10 18 71
1 9 10 11 19 71
2 10 11 12 20 71
3 11 12 13 21 71
4 12 13 14 22 71
5 13 14 15 23 71
8 16 17 18 26 71
11 19 20 21 27 71
12 20 21 22 28 71
13 21 22 23 29 71
16 24 25 26 32 71
21 27 28 29 35 71
24 30 31 32 38 71
27 33 34 35 43 71
30 36 37 38 46 71
31 37 38 39 47 71
32 38 39 40 48 71
33 41 42 43 51 71
36 44 45 46 54 71
37 45 46 47 55 71
38 46 47 48 56 71
39 47 48 49 57 71
40 48 49 50 58 71
41 49 50 51 59 71
