324
81
0 89 170 251
1 81 171 243
2 83 182 245
3 85 193 256
4 88 205 259
5 84 210 255
6 82 217 262
7 86 230 266
8 87 240 267
9 96 168 249
10 97 178 250
11 91 181 244
12 95 194 257
13 92 200 254
14 90 207 252
15 98 224 269
16 93 228 264
17 94 238 265
18 103 166 247
19 104 176 248
20 102 183 246
21 105 195 258
22 100 199 253
23 107 215 260
24 101 218 263
25 106 232 268
26 99 234 261
27 113 167 275
28 111 174 273
29 114 186 276
30 116 197 287
31 108 198 279
32 115 214 286
33 112 220 292
34 110 227 290
35 109 235 289
36 118 163 271
37 125 179 278
38 117 180 270
39 119 191 281
40 121 202 283
41 122 212 284
42 120 219 291
43 123 231 294
44 124 241 295
45 128 164 272
46 130 175 274
47 133 187 277
48 129 192 282
49 132 204 285
50 127 208 280
51 126 216 288
52 134 233 296
53 131 239 293
54 135 162 297
55 141 177 303
56 139 184 301
57 142 196 313
58 138 201 309
59 137 209 308
60 140 221 320
61 136 226 316
62 143 242 323
63 151 169 304
64 146 173 299
65 152 188 305
66 145 190 307
67 149 203 311
68 148 211 310
69 150 222 321
70 144 225 315
71 147 237 318
72 156 165 300
73 154 172 298
74 158 185 302
75 153 189 306
76 161 206 314
77 159 213 312
78 160 223 322
79 157 229 319
80 155 236 317
