324
209
0 84 165 246
1 86 176 248
1 89 179 251
2 82 181 244
2 85 184 247
2 87 186 249
2 89 188 251
3 82 190 253
3 86 194 257
3 89 197 260
4 88 205 259
5 82 208 253
5 83 209 254
5 87 213 258
5 89 215 260
6 82 217 262
6 83 218 263
6 85 220 265
6 87 222 267
6 89 224 269
7 82 226 262
7 85 229 265
7 87 231 267
7 89 233 269
8 81 234 261
9 91 163 244
9 96 168 249
9 98 170 251
10 90 171 243
11 91 181 244
11 96 186 249
11 97 187 250
11 98 188 251
12 93 192 255
13 92 200 254
13 96 204 258
13 98 206 260
14 94 211 256
15 91 217 262
15 92 218 263
15 96 222 267
15 97 223 268
15 98 224 269
16 95 230 266
17 91 235 262
17 96 240 267
17 97 241 268
18 100 163 244
18 103 166 247
18 104 167 248
18 105 168 249
18 107 170 251
19 104 176 248
19 106 178 250
19 107 179 251
20 101 182 245
21 99 189 252
21 100 190 253
21 104 194 257
21 107 197 260
22 99 198 252
22 104 203 257
22 105 204 258
22 107 206 260
23 100 208 253
23 105 213 258
23 107 215 260
24 102 219 264
25 100 226 262
25 103 229 265
25 105 231 267
25 106 232 268
25 107 233 269
26 100 235 262
26 103 238 265
26 105 240 267
26 106 241 268
27 112 166 274
27 113 167 275
27 116 170 278
28 109 172 271
29 112 184 274
29 115 187 277
29 116 188 278
30 110 191 281
31 112 202 283
31 114 204 285
31 116 206 287
32 108 207 279
33 112 220 292
33 113 221 293
33 114 222 294
33 115 223 295
33 116 224 296
34 111 228 291
35 112 238 292
35 113 239 293
35 114 240 294
35 115 241 295
36 117 162 270
37 120 174 273
37 122 176 275
37 124 178 277
37 125 179 278
38 120 183 273
38 121 184 274
38 124 187 277
38 125 188 278
39 118 190 280
39 121 193 283
39 125 197 287
40 120 201 282
40 121 202 283
40 123 204 285
40 125 206 287
41 118 208 280
41 123 213 285
41 125 215 287
42 118 217 289
42 121 220 292
42 122 221 293
42 123 222 294
42 124 223 295
42 125 224 296
43 118 226 289
43 121 229 292
43 123 231 294
43 124 232 295
43 125 233 296
44 119 236 290
45 128 164 272
45 130 166 274
45 134 170 278
46 132 177 276
47 129 183 273
47 130 184 274
47 134 188 278
48 133 196 286
49 129 201 282
49 130 202 283
49 134 206 287
50 131 212 284
51 127 217 289
51 130 220 292
51 134 224 296
52 126 225 288
53 127 235 289
53 130 238 292
54 136 163 298
54 137 164 299
54 141 168 303
54 143 170 305
55 137 173 299
55 138 174 300
55 143 179 305
56 140 185 302
57 139 193 310
57 143 197 314
58 137 200 308
58 139 202 310
58 143 206 314
59 137 209 308
59 142 214 313
59 143 215 314
60 135 216 315
61 136 226 316
61 139 229 319
61 141 231 321
61 142 232 322
62 136 235 316
62 138 237 318
62 139 238 319
62 141 240 321
62 142 241 322
63 145 163 298
63 152 170 305
64 148 175 301
65 144 180 297
65 145 181 298
65 152 188 305
66 150 195 312
67 144 198 306
67 149 203 311
67 152 206 314
68 147 210 309
69 145 217 316
69 149 221 320
69 151 223 322
70 146 227 317
71 145 235 316
71 149 239 320
71 151 241 322
72 160 169 304
73 155 173 299
73 156 174 300
74 153 180 297
74 156 183 300
74 159 186 303
75 153 189 306
75 157 193 310
75 158 194 311
76 154 199 307
77 155 209 308
78 157 220 319
78 158 221 320
78 159 222 321
79 157 229 319
79 159 231 321
80 161 242 323
0 1 5 7 10 14 16 21 24 25 28 31 33 34 37 42 43 45 48 54 55 56 61 65 67 71 73 78 80 81 84 87 88 91 94 98 99 102 104 109 113 115 120 128 129 130 133 136 137 138 141 142 145 147 150 152 155 157 159 162 164 165 170 175 176 178 180 181 184 187 188 190 192 194 195 200 201 202 203 207 208