324
206
0 85 166 247
0 87 168 249
0 89 170 251
1 83 173 245
1 87 177 249
1 89 179 251
2 84 183 246
3 88 196 259
4 82 199 253
4 85 202 256
4 86 203 257
4 87 204 258
5 82 208 253
5 86 212 257
5 89 215 260
6 82 217 262
6 85 220 265
6 86 221 266
6 89 224 269
7 82 226 262
7 85 229 265
7 86 230 266
8 81 234 261
9 90 162 243
9 94 166 247
9 96 168 249
9 97 169 250
9 98 170 251
10 91 172 244
11 90 180 243
11 94 184 247
11 96 186 249
11 97 187 250
11 98 188 251
12 94 193 256
12 95 194 257
12 98 197 260
13 93 201 255
14 90 207 252
14 95 212 257
14 98 215 260
15 94 220 265
15 95 221 266
15 98 224 269
16 92 227 263
17 94 238 265
17 98 242 269
18 104 167 248
19 99 171 243
19 106 178 250
19 107 179 251
20 99 180 243
20 103 184 247
20 106 187 250
20 107 188 251
21 100 190 253
21 103 193 256
21 107 197 260
22 99 198 252
22 100 199 253
22 103 202 256
23 101 209 254
24 105 222 267
25 100 226 262
25 103 229 265
25 106 232 268
26 100 235 262
26 102 237 264
26 103 238 265
26 107 242 269
27 110 164 272
28 108 171 270
28 114 177 276
28 115 178 277
28 116 179 278
29 108 180 270
29 114 186 276
29 115 187 277
29 116 188 278
30 109 190 280
30 113 194 284
30 116 197 287
31 108 198 279
31 109 199 280
31 113 203 284
31 115 205 286
32 112 211 283
33 111 219 291
34 108 225 288
34 109 226 289
34 113 230 293
34 114 231 294
35 109 235 289
35 114 240 294
36 117 162 270
36 121 166 274
36 123 168 276
36 124 169 277
37 122 176 275
38 117 180 270
38 121 184 274
38 123 186 276
38 124 187 277
39 118 190 280
39 120 192 282
40 119 200 281
41 117 207 279
41 118 208 280
41 120 210 282
41 124 214 286
42 117 216 288
42 118 217 289
42 121 220 292
43 125 233 296
44 118 235 289
44 121 238 292
44 123 240 294
45 126 162 270
45 130 166 274
45 134 170 278
46 126 171 270
46 129 174 273
46 134 179 278
47 127 181 271
48 132 195 285
49 126 198 279
49 131 203 284
50 126 207 279
50 129 210 282
50 131 212 284
50 134 215 287
51 126 216 288
51 128 218 290
51 130 220 292
51 131 221 293
52 126 225 288
52 130 229 292
52 131 230 293
53 133 241 295
54 136 163 298
54 141 168 303
54 142 169 304
54 143 170 305
55 141 177 303
55 142 178 304
55 143 179 305
56 137 182 299
57 135 189 306
58 136 199 307
58 139 202 310
58 142 205 313
59 136 208 307
59 138 210 309
59 142 214 313
60 136 217 316
60 139 220 319
60 143 224 323
61 136 226 316
61 139 229 319
61 141 231 321
62 140 239 320
63 144 162 297
63 145 163 298
63 150 168 303
63 151 169 304
64 148 175 301
65 144 180 297
65 149 185 302
65 150 186 303
65 151 187 304
66 145 190 307
66 146 191 308
66 149 194 311
67 152 206 314
68 145 208 307
68 149 212 311
68 151 214 313
69 144 216 315
69 145 217 316
69 146 218 317
70 147 228 318
71 145 235 316
71 146 236 317
71 150 240 321
72 156 165 300
73 153 171 297
73 161 179 305
74 153 180 297
74 158 185 302
74 161 188 305
75 154 190 307
75 155 191 308
75 157 193 310
75 158 194 311
76 154 199 307
76 157 202 310
76 158 203 311
77 159 213 312
78 160 223 322
79 153 225 315
79 154 226 316
79 157 229 319
80 154 235 316
80 155 236 317
80 157 238 319
80 161 242 323
2 3 6 7 11 13 15 20 22 26 28 31 34 37 38 42 44 46 47 48 52 57 59 61 62 65 67 70 72 78 80 85 86 87 88 92 94 98 102 104 105 107 112 113 116 118 121 123 124 125 130 132 137 138 139 144 146 147 149 152 156 159 160 163 165 167 170 173 176 177 180 182 184 186 187 191 196 197 198 200 204